渔船ID,lat,lon,速度,方向,time,type
23155,27.247,122.095,5.4,176,0924 23:57:04,围网
23155,27.264,122.092,2.37,164,0924 23:36:06,围网
23155,27.273000000000003,122.09,3.29,176,0924 23:26:09,围网
23155,27.281,122.089,3.02,180,0924 23:16:08,围网
23155,27.29,122.089,2.91,169,0924 23:06:10,围网
23155,27.299,122.089,3.18,197,0924 22:56:15,围网
23155,27.308000000000003,122.088,3.62,167,0924 22:46:12,围网
23155,27.316,122.088,2.48,190,0924 22:36:11,围网
23155,27.326,122.092,4.21,239,0924 22:26:01,围网
23155,27.324,122.099,0.38,347,0924 22:15:16,围网
23155,27.317,122.098,2.81,10,0924 22:05:46,围网
23155,27.31,122.095,5.72,9,0924 21:55:42,围网
23155,27.302,122.095,6.1,353,0924 21:45:37,围网
23155,27.295,122.095,2.1,8,0924 21:34:52,围网
23155,27.287,122.094,1.03,355,0924 21:25:29,围网
23155,27.28,122.094,2.81,351,0924 21:15:29,围网
23155,27.272,122.096,3.18,316,0924 21:05:26,围网
23155,27.265,122.097,2.32,10,0924 20:55:23,围网
23155,27.265,122.097,2.32,10,0924 20:55:20,围网
23155,27.253,122.104,1.89,334,0924 20:35:19,围网
23155,27.247,122.108,2.37,317,0924 20:25:19,围网
23155,27.24,122.113,2.7,348,0924 20:15:20,围网
23155,27.233,122.116,3.08,2,0924 20:05:15,围网
23155,27.226,122.116,1.89,360,0924 19:55:12,围网
23155,27.219,122.116,2.32,356,0924 19:45:11,围网
23155,27.212,122.115,2.21,10,0924 19:35:10,围网
23155,27.204,122.114,0.92,3,0924 19:25:09,围网
23155,27.198,122.111,6.21,30,0924 19:15:06,围网
23155,27.19,122.102,1.3,132,0924 19:05:05,围网
23155,27.189,122.09,5.88,61,0924 18:55:47,围网
23155,27.183000000000003,122.072,2.48,203,0924 18:34:21,围网
23155,27.186,122.074,0.81,235,0924 18:24:21,围网
23155,27.188,122.075,1.3,196,0924 18:15:01,围网
23155,27.19,122.075,0.92,208,0924 18:04:56,围网
23155,27.193,122.076,3.89,195,0924 17:55:00,围网
23155,27.194000000000006,122.076,2.91,178,0924 17:44:19,围网
23155,27.203000000000007,122.076,6.1,122,0924 17:34:56,围网
23155,27.212,122.075,7.29,81,0924 17:24:53,围网
23155,27.22,122.072,2.7,159,0924 17:14:51,围网
23155,27.228,122.07,2.81,180,0924 17:04:53,围网
23155,27.235,122.067,2.91,154,0924 16:55:00,围网
23155,27.243,122.066,0.22,237,0924 16:44:43,围网
23155,27.267,122.064,3.08,192,0924 16:14:50,围网
23155,27.284,122.066,2.32,161,0924 15:54:42,围网
23155,27.299,122.064,2.7,165,0924 15:34:31,围网
23155,27.307,122.064,3.62,194,0924 15:24:27,围网
23155,27.316,122.066,3.62,197,0924 15:14:27,围网
23155,27.325,122.067,2.48,181,0924 15:05:19,围网
23155,27.34,122.066,2.48,184,0924 14:43:41,围网
23155,27.348000000000006,122.066,2.1,176,0924 14:34:18,围网
23155,27.356,122.066,2.81,185,0924 14:23:38,围网
23155,27.364,122.066,1.67,200,0924 14:14:12,围网
23155,27.372,122.066,3.08,181,0924 14:04:10,围网
23155,27.379,122.065,2.59,169,0924 13:54:18,围网
23155,27.387,122.065,3.08,185,0924 13:43:47,围网
23155,27.396,122.065,3.08,185,0924 13:33:36,围网
23155,27.405,122.067,2.32,179,0924 13:24:24,围网
23155,27.414,122.067,2.59,166,0924 13:14:01,围网
23155,27.422,122.066,0.7,105,0924 13:03:20,围网
23155,27.431,122.066,5.02,215,0924 12:53:56,围网
23155,27.441,122.066,3.08,176,0924 12:43:15,围网
23155,27.45,122.065,3.4,170,0924 12:33:52,围网
23155,27.459,122.063,1.89,177,0924 12:23:51,围网
23155,27.468000000000004,122.062,2.91,179,0924 12:13:11,围网
23155,27.479,122.061,9.28,169,0924 12:03:45,围网
23155,27.489,122.062,2.1,226,0924 11:53:43,围网
23155,27.508000000000006,122.055,9.77,159,0924 11:43:42,围网
23155,27.535,122.048,9.77,168,0924 11:33:01,围网
23155,27.562,122.041,10.09,178,0924 11:23:38,围网
23155,27.591,122.037,10.09,172,0924 11:13:35,围网
23155,27.619,122.036,7.07,166,0924 11:03:32,围网
23155,27.647,122.039,9.88,183,0924 10:53:26,围网
23155,27.674,122.041,9.71,197,0924 10:43:23,围网
23155,27.699,122.055,1.78,213,0924 10:33:20,围网
23155,27.722,122.071,9.39,206,0924 10:22:41,围网
23155,27.746,122.087,10.09,208,0924 10:13:17,围网
23155,27.769,122.104,10.09,212,0924 10:03:15,围网
23155,27.792,122.123,9.17,204,0924 09:54:31,围网
23155,27.828000000000007,122.172,10.09,223,0924 09:33:11,围网
23155,27.85,122.192,9.28,222,0924 09:23:09,围网
23155,27.868,122.216,10.09,218,0924 09:13:06,围网
23155,27.886,122.239,9.77,236,0924 09:03:09,围网
23155,27.922,122.287,9.61,229,0924 08:43:02,围网
23155,27.941,122.309,10.09,226,0924 08:32:59,围网
23155,27.96,122.331,9.71,239,0924 08:23:00,围网
23155,27.974,122.357,9.5,235,0924 08:12:17,围网
23155,27.99,122.382,9.61,227,0924 08:02:55,围网
23155,28.006,122.405,9.28,224,0924 07:52:53,围网
23155,28.022,122.429,9.88,235,0924 07:42:53,围网
23155,28.038,122.453,10.09,227,0924 07:32:52,围网
23155,28.055,122.477,9.17,225,0924 07:22:49,围网
23155,28.07,122.501,10.09,222,0924 07:12:48,围网
23155,28.085,122.526,6.21,232,0924 07:02:48,围网
23155,28.102,122.551,8.42,230,0924 06:52:04,围网
23155,28.117,122.576,5.88,234,0924 06:42:38,围网
23155,28.133000000000006,122.6,9.5,234,0924 06:32:35,围网
23155,28.148000000000003,122.624,7.18,234,0924 06:22:32,围网
23155,28.164,122.648,8.47,235,0924 06:12:32,围网
23155,28.179,122.673,8.9,231,0924 06:02:28,围网
23155,28.194000000000006,122.697,6.42,229,0924 05:52:27,围网
23155,28.21,122.721,9.39,228,0924 05:42:24,围网
23155,28.225,122.745,3.51,234,0924 05:32:21,围网
23155,28.242,122.768,9.71,236,0924 05:22:19,围网
23155,28.257,122.792,9.17,219,0924 05:12:18,围网
23155,28.275,122.814,8.58,223,0924 05:02:15,围网
23155,28.29,122.835,9.61,226,0924 04:52:35,围网
23155,28.325,122.879,9.77,240,0924 04:35:07,围网
23155,28.346,122.916,0.92,182,0924 04:12:08,围网
23155,28.348000000000006,122.917,0.59,203,0924 04:02:18,围网
23155,28.35,122.918,1.62,218,0924 03:52:17,围网
23155,28.351,122.918,1.19,204,0924 03:42:16,围网
23155,28.358,122.923,3.72,184,0924 03:32:10,围网
23155,28.365,122.928,3.72,203,0924 03:22:09,围网
23155,28.373,122.933,1.19,216,0924 03:12:06,围网
23155,28.381,122.938,2.37,255,0924 03:02:50,围网
23155,28.412,122.961,2.81,250,0924 02:21:59,围网
23155,28.418000000000006,122.969,3.99,221,0924 02:11:57,围网
23155,28.425,122.977,3.4,232,0924 02:01:52,围网
23155,28.431,122.985,3.4,224,0924 01:52:07,围网
23155,28.45,123.009,2.48,254,0924 01:21:46,围网
23155,28.456,123.018,3.51,215,0924 01:11:43,围网
23155,28.463,123.026,3.51,234,0924 01:02:08,围网
23155,28.471,123.032,0.59,301,0924 00:51:47,围网
23155,28.478,123.04,3.29,212,0924 00:41:37,围网
23155,28.486,123.047,3.72,215,0924 00:31:42,围网
23155,28.51,123.066,3.51,222,0924 00:01:24,围网
23155,28.518,123.072,4.1,223,0923 23:51:36,围网
23155,28.523000000000003,123.091,3.4,307,0923 23:31:29,围网
23155,28.517,123.095,2.37,20,0923 23:21:29,围网
23155,28.511,123.094,1.67,10,0923 23:11:23,围网
23155,28.506,123.091,2.81,20,0923 23:01:25,围网
23155,28.501,123.087,1.62,71,0923 22:51:25,围网
23155,28.496,123.084,2.37,40,0923 22:41:20,围网
23155,28.49,123.082,1.78,30,0923 22:31:13,围网
23155,28.484,123.08,1.62,4,0923 22:21:11,围网
23155,28.479,123.077,2.21,20,0923 22:11:06,围网
23155,28.474,123.072,3.29,50,0923 22:00:54,围网
23155,28.47,123.067,0.38,137,0923 21:50:55,围网
23155,28.466,123.062,1.78,40,0923 21:40:54,围网
23155,28.46,123.056,2.0,346,0923 21:30:50,围网
23155,28.448,123.041,5.88,50,0923 21:20:12,围网
23155,28.436,123.023,4.1,61,0923 21:10:47,围网
23155,28.426,123.003,2.37,40,0923 21:00:45,围网
23155,28.416,122.982,7.39,40,0923 20:50:09,围网
23155,28.404,122.963,6.31,81,0923 20:40:44,围网
23155,28.403,122.949,3.78,111,0923 20:30:40,围网
23155,28.41,122.951,2.59,130,0923 20:20:41,围网
23155,28.407,122.935,7.5,50,0923 20:10:37,围网
23155,28.395,122.915,7.72,40,0923 20:00:38,围网
23155,28.381,122.898,5.02,40,0923 19:50:34,围网
23155,28.373,122.877,6.58,20,0923 19:40:34,围网
23155,28.376,122.881,2.48,211,0923 19:30:31,围网
23155,28.379,122.881,0.81,179,0923 19:20:29,围网
23155,28.383000000000006,122.882,10.09,173,0923 19:09:51,围网
23155,28.39,122.881,4.48,144,0923 19:00:28,围网
23155,28.392,122.878,2.59,50,0923 18:50:26,围网
23155,28.386,122.875,0.92,10,0923 18:40:21,围网
23155,28.38,122.873,2.0,71,0923 18:30:20,围网
23155,28.375,122.869,1.08,40,0923 18:20:19,围网
23155,28.371,122.862,2.37,40,0923 18:10:13,围网
23155,28.366,122.858,2.0,4,0923 18:00:11,围网
23155,28.362,122.852,2.48,40,0923 17:50:13,围网
23155,28.357,122.847,2.59,20,0923 17:40:06,围网
23155,28.352,122.842,2.7,30,0923 17:29:26,围网
23155,28.348000000000006,122.836,1.08,50,0923 17:20:02,围网
23155,28.343000000000004,122.833,1.67,352,0923 17:09:58,围网
23155,28.339,122.829,3.18,30,0923 17:00:01,围网
23155,28.334,122.825,2.32,20,0923 16:50:06,围网
23155,28.33,122.819,2.21,61,0923 16:39:59,围网
23155,28.326,122.813,2.59,81,0923 16:29:24,围网
23155,28.323,122.806,1.62,40,0923 16:19:54,围网
23155,28.321,122.799,3.29,20,0923 16:09:50,围网
23155,28.319000000000006,122.792,1.78,50,0923 15:59:40,围网
23155,28.316,122.785,2.81,61,0923 15:49:48,围网
23155,28.315,122.778,2.59,102,0923 15:39:49,围网
23155,28.315,122.77,2.37,81,0923 15:29:07,围网
23155,28.314,122.762,1.89,61,0923 15:19:42,围网
23155,28.315,122.754,2.21,81,0923 15:09:31,围网
23155,28.317,122.747,2.59,104,0923 14:59:30,围网
23155,28.319000000000006,122.739,2.32,81,0923 14:49:29,围网
23155,28.32,122.731,2.81,127,0923 14:39:55,围网
23155,28.325,122.724,2.59,127,0923 14:29:25,围网
23155,28.33,122.716,3.4,141,0923 14:19:22,围网
23155,28.333,122.708,1.89,71,0923 14:09:23,围网
23155,28.331,122.702,2.0,40,0923 13:59:16,围网
23155,28.329,122.696,1.08,91,0923 13:49:17,围网
23155,28.33,122.689,3.02,125,0923 13:39:15,围网
23155,28.33,122.682,2.0,81,0923 13:29:14,围网
23155,28.329,122.676,0.92,91,0923 13:19:08,围网
23155,28.329,122.669,1.51,50,0923 13:09:06,围网
23155,28.328000000000007,122.664,2.91,210,0923 12:59:37,围网
23155,28.314,122.643,6.8,71,0923 12:38:15,围网
23155,28.31,122.621,6.1,81,0923 12:28:53,围网
23155,28.305,122.599,7.39,61,0923 12:18:12,围网
23155,28.301,122.577,5.72,61,0923 12:08:46,围网
23155,28.296,122.555,7.02,81,0923 11:58:03,围网
23155,28.293000000000006,122.533,7.02,81,0923 11:48:03,围网
23155,28.289,122.511,2.37,81,0923 11:38:03,围网
23155,28.285,122.49,7.61,71,0923 11:27:59,围网
23155,28.282,122.469,7.5,61,0923 11:18:57,围网
23155,28.28,122.424,7.5,91,0923 10:57:52,围网
23155,28.281,122.402,2.59,115,0923 10:47:49,围网
23155,28.283,122.379,7.29,81,0923 10:37:47,围网
23155,28.29,122.357,5.4,176,0923 10:27:46,围网
23155,28.319000000000006,122.371,10.09,210,0923 10:18:21,围网
23155,28.347,122.387,10.09,208,0923 10:08:21,围网
23155,28.374,122.404,10.09,211,0923 09:58:18,围网
23155,28.402,122.421,10.09,188,0923 09:48:16,围网
23155,28.429,122.436,9.28,196,0923 09:38:19,围网
23155,28.456,122.453,10.09,214,0923 09:28:31,围网
23155,28.482,122.471,10.09,196,0923 09:18:16,围网
23155,28.511,122.484,7.07,291,0923 09:08:11,围网
23155,28.539,122.496,10.09,196,0923 08:58:09,围网
23155,28.567,122.51,10.09,198,0923 08:47:30,围网
23155,28.595,122.524,10.09,224,0923 08:38:05,围网
23155,28.615,122.532,3.02,209,0923 08:27:29,围网
23155,28.622,122.534,4.8,323,0923 08:18:03,围网
23155,28.628,122.536,5.99,171,0923 08:07:27,围网
23155,28.635,122.538,1.62,196,0923 07:57:13,围网
23155,28.642,122.541,3.99,138,0923 07:47:59,围网
23155,28.665,122.547,3.72,163,0923 07:27:49,围网
23155,28.676,122.545,2.91,153,0923 07:17:48,围网
23155,28.687,122.542,2.48,61,0923 07:08:01,围网
23155,28.699,122.541,5.88,185,0923 06:58:03,围网
23155,28.711,122.544,2.59,200,0923 06:48:01,围网
23155,28.723000000000006,122.546,2.59,170,0923 06:37:17,围网
23155,28.735,122.547,3.78,161,0923 06:27:53,围网
23155,28.746,122.547,0.22,190,0923 06:17:52,围网
23155,28.758000000000006,122.547,4.37,176,0923 06:07:53,围网
23155,28.77,122.546,3.51,163,0923 05:57:50,围网
23155,28.783,122.546,6.48,138,0923 05:47:15,围网
23155,28.795,122.547,3.89,185,0923 05:37:50,围网
23155,28.807,122.548,2.81,189,0923 05:27:49,围网
23155,28.82,122.549,3.4,182,0923 05:17:49,围网
23155,28.832,122.551,5.77,172,0923 05:07:09,围网
23155,28.844,122.551,3.99,174,0923 04:57:59,围网
23155,28.857,122.55,5.02,71,0923 04:47:42,围网
23155,28.869,122.55,4.91,158,0923 04:37:41,围网
23155,28.881,122.549,4.32,185,0923 04:27:39,围网
23155,28.894,122.549,6.58,182,0923 04:17:38,围网
23155,28.904,122.545,4.21,123,0923 04:07:43,围网
23155,28.912,122.538,2.91,148,0923 03:57:49,围网
23155,28.921,122.532,3.18,133,0923 03:47:46,围网
23155,28.932,122.528,4.91,175,0923 03:37:08,围网
23155,28.944000000000006,122.525,3.18,170,0923 03:27:59,围网
23155,28.966,122.491,7.99,125,0923 03:07:38,围网
23155,28.969,122.465,8.2,107,0923 02:57:37,围网
23155,28.98,122.441,9.71,136,0923 02:47:34,围网
23155,28.992,122.416,7.99,132,0923 02:37:50,围网
23155,29.003,122.392,9.17,121,0923 02:27:27,围网
23155,29.013,122.367,2.0,102,0923 02:18:01,围网
23155,29.024,122.343,8.09,122,0923 02:08:01,围网
23155,29.035,122.318,9.01,110,0923 01:57:58,围网
23155,29.044,122.294,5.61,116,0923 01:47:58,围网
23155,29.052,122.268,6.21,91,0923 01:37:18,围网
23155,29.058000000000003,122.244,7.77,91,0923 01:27:53,围网
23155,29.065,122.219,7.29,91,0923 01:17:13,围网
23155,29.074,122.194,7.39,104,0923 01:07:12,围网
23155,29.083,122.169,8.31,106,0923 00:57:47,围网
23155,29.094,122.144,9.17,112,0923 00:47:46,围网
23155,29.103,122.118,5.29,119,0923 00:37:08,围网
23155,29.114,122.093,2.7,120,0923 00:27:41,围网
23155,29.13,122.071,10.09,129,0923 00:17:40,围网
23155,29.144,122.046,7.72,121,0923 00:07:01,围网
23155,29.145,122.019,8.42,113,0922 23:57:36,围网
23155,29.158,121.995,9.17,144,0922 23:47:35,围网
23155,29.184,121.985,10.09,164,0922 23:37:33,围网
23155,29.196,121.968,3.4,61,0922 23:27:44,围网
23155,29.196,121.968,3.4,61,0922 23:27:33,围网
23155,29.19,121.949,0.0,170,0922 23:07:32,围网
23155,29.19,121.949,0.11,345,0922 22:57:40,围网
23155,29.19,121.949,0.11,333,0922 22:47:38,围网
23155,29.19,121.949,0.11,0,0922 22:37:38,围网
23155,29.19,121.949,0.11,0,0922 22:27:36,围网
23155,29.19,121.949,0.22,346,0922 22:16:59,围网
23155,29.19,121.949,0.11,0,0922 22:07:35,围网
23155,29.19,121.949,0.11,0,0922 21:57:25,围网
23155,29.19,121.949,0.32,319,0922 21:47:26,围网
23155,29.19,121.949,0.11,0,0922 21:36:49,围网
23155,29.19,121.949,0.22,91,0922 21:26:49,围网
23155,29.19,121.949,0.22,143,0922 21:16:47,围网
23155,29.19,121.949,1.08,91,0922 21:07:22,围网
23155,29.19,121.949,0.11,81,0922 20:56:45,围网
23155,29.19,121.949,0.0,91,0922 20:47:23,围网
23155,29.19,121.949,0.92,320,0922 20:37:23,围网
23155,29.19,121.949,0.32,159,0922 20:26:40,围网
23155,29.19,121.949,0.11,0,0922 20:16:41,围网
23155,29.19,121.949,0.11,323,0922 20:07:40,围网
23155,29.19,121.949,0.11,0,0922 19:56:42,围网
23155,29.19,121.949,0.22,239,0922 19:47:19,围网
23155,29.19,121.949,4.21,299,0922 19:37:15,围网
23155,29.19,121.949,0.32,345,0922 19:27:15,围网
23155,29.19,121.949,0.32,0,0922 19:17:14,围网
23155,29.19,121.949,0.22,0,0922 19:07:12,围网
23155,29.19,121.949,0.0,20,0922 18:57:12,围网
23155,29.19,121.949,0.11,279,0922 18:47:14,围网
23155,29.19,121.949,0.0,0,0922 18:37:13,围网
23155,29.19,121.949,1.67,10,0922 18:27:12,围网
23155,29.19,121.949,0.32,194,0922 18:17:11,围网
23155,29.19,121.949,0.0,240,0922 18:07:09,围网
23155,29.19,121.949,0.11,0,0922 17:57:04,围网
23155,29.19,121.949,0.11,0,0922 17:46:36,围网
23155,29.19,121.949,0.32,342,0922 17:36:34,围网
23155,29.19,121.949,0.0,0,0922 17:26:28,围网
23155,29.19,121.949,0.11,0,0922 17:17:06,围网
23155,29.19,121.949,0.22,235,0922 17:06:43,围网
23155,29.19,121.949,0.11,0,0922 16:57:01,围网
23155,29.19,121.949,0.22,0,0922 16:47:06,围网
23155,29.19,121.949,0.0,209,0922 16:37:01,围网
23155,29.19,121.949,0.0,0,0922 16:27:04,围网
23155,29.19,121.949,0.11,0,0922 16:17:02,围网
23155,29.19,121.949,0.11,220,0922 16:06:59,围网
23155,29.19,121.949,0.32,40,0922 15:56:52,围网
23155,29.19,121.949,0.11,302,0922 15:46:52,围网
23155,29.19,121.949,0.0,0,0922 15:36:15,围网
23155,29.19,121.949,0.32,61,0922 15:26:49,围网
23155,29.19,121.949,0.11,0,0922 15:16:55,围网
23155,29.19,121.949,0.22,20,0922 15:06:48,围网
23155,29.19,121.949,0.22,328,0922 14:56:47,围网
23155,29.19,121.949,0.0,20,0922 14:46:46,围网
23155,29.19,121.949,0.22,0,0922 14:36:56,围网
23155,29.19,121.949,0.22,0,0922 14:26:57,围网
23155,29.19,121.949,0.22,0,0922 14:16:09,围网
23155,29.19,121.949,0.0,280,0922 14:06:07,围网
23155,29.19,121.949,0.0,40,0922 13:56:40,围网
23155,29.19,121.949,0.0,0,0922 13:46:41,围网
23155,29.19,121.949,0.22,0,0922 13:36:40,围网
23155,29.19,121.949,0.0,30,0922 13:27:16,围网
23155,29.189,121.949,0.11,10,0922 13:17:41,围网
23155,29.19,121.949,0.11,10,0922 13:07:23,围网
23155,29.19,121.949,0.11,10,0922 12:56:38,围网
23155,29.19,121.949,0.32,131,0922 12:46:36,围网
23155,29.19,121.949,0.0,50,0922 12:36:35,围网
23155,29.19,121.949,0.22,263,0922 12:26:33,围网
23155,29.19,121.949,0.32,0,0922 12:16:30,围网
23155,29.19,121.949,0.11,0,0922 12:06:30,围网
23155,29.19,121.949,0.0,0,0922 11:56:27,围网
23155,29.19,121.949,0.22,192,0922 11:45:52,围网
23155,29.19,121.949,0.0,0,0922 11:36:05,围网
23155,29.19,121.949,0.0,0,0922 11:25:49,围网
23155,29.19,121.949,1.08,203,0922 11:15:59,围网
23155,29.19,121.949,1.08,203,0922 11:15:46,围网
23155,29.19,121.949,0.22,203,0922 11:06:21,围网
23155,29.19,121.949,0.11,121,0922 10:56:20,围网
23155,29.19,121.949,0.11,296,0922 10:46:19,围网
23155,29.19,121.949,0.22,324,0922 10:36:18,围网
23155,29.19,121.949,0.22,0,0922 10:26:18,围网
23155,29.19,121.949,0.22,162,0922 10:16:17,围网
23155,29.19,121.949,0.22,222,0922 10:06:16,围网
23155,29.19,121.949,0.0,10,0922 09:55:37,围网
23155,29.19,121.949,0.22,61,0922 09:46:16,围网
23155,29.19,121.949,0.11,127,0922 09:35:35,围网
23155,29.19,121.949,0.11,128,0922 09:26:13,围网
23155,29.19,121.949,0.11,91,0922 09:16:10,围网
23155,29.19,121.949,3.08,284,0922 09:06:10,围网
23155,29.19,121.949,0.32,280,0922 08:56:10,围网
23155,29.19,121.949,0.0,294,0922 08:46:09,围网
23155,29.19,121.949,0.32,0,0922 08:36:08,围网
23155,29.19,121.949,4.32,266,0922 08:26:05,围网
23155,29.19,121.949,0.22,272,0922 08:15:31,围网
23155,29.19,121.949,0.11,351,0922 08:06:06,围网
23155,29.19,121.949,0.0,297,0922 07:56:02,围网
23155,29.19,121.949,0.11,0,0922 07:46:03,围网
23155,29.19,121.949,0.32,40,0922 07:36:06,围网
23155,29.19,121.949,0.22,355,0922 07:26:01,围网
23155,29.19,121.949,0.11,0,0922 07:16:00,围网
23155,29.19,121.949,0.11,141,0922 07:05:58,围网
23155,29.19,121.949,0.22,300,0922 06:55:58,围网
23155,29.19,121.949,0.32,122,0922 06:45:57,围网
23155,29.19,121.949,0.11,159,0922 06:35:19,围网
23155,29.19,121.949,0.11,0,0922 06:25:56,围网
23155,29.19,121.949,0.11,20,0922 06:15:53,围网
23155,29.19,121.949,0.0,0,0922 06:05:53,围网
23155,29.19,121.949,0.0,193,0922 05:55:49,围网
23155,29.19,121.949,0.32,151,0922 05:45:13,围网
23155,29.19,121.949,0.32,40,0922 05:35:11,围网
23155,29.19,121.949,0.32,278,0922 05:25:10,围网
23155,29.19,121.949,0.0,331,0922 05:16:07,围网
23155,29.19,121.949,2.48,192,0922 05:05:47,围网
23155,29.19,121.949,0.22,335,0922 04:55:05,围网
23155,29.19,121.949,0.22,0,0922 04:45:44,围网
23155,29.19,121.949,0.0,0,0922 04:35:03,围网
23155,29.19,121.949,0.11,228,0922 04:25:40,围网
23155,29.19,121.949,1.03,227,0922 04:15:53,围网
23155,29.19,121.949,0.0,323,0922 04:05:02,围网
23155,29.19,121.949,0.11,299,0922 03:54:58,围网
23155,29.19,121.949,0.11,0,0922 03:45:36,围网
23155,29.19,121.949,0.22,81,0922 03:35:36,围网
23155,29.19,121.949,0.11,352,0922 03:25:36,围网
23155,29.19,121.949,0.11,0,0922 03:15:35,围网
23155,29.19,121.949,0.11,137,0922 03:05:30,围网
23155,29.19,121.949,0.22,269,0922 02:55:31,围网
23155,29.19,121.949,0.32,30,0922 02:45:28,围网
23155,29.19,121.949,0.32,345,0922 02:35:28,围网
23155,29.19,121.949,0.22,0,0922 02:25:27,围网
23155,29.19,121.949,0.0,0,0922 02:15:26,围网
23155,29.19,121.949,0.11,81,0922 02:05:28,围网
23155,29.19,121.949,0.22,252,0922 01:54:47,围网
23155,29.19,121.949,1.3,330,0922 01:44:46,围网
23155,29.19,121.949,0.11,61,0922 01:35:21,围网
23155,29.19,121.949,0.32,81,0922 01:25:22,围网
23155,29.19,121.949,0.22,130,0922 01:15:19,围网
23155,29.19,121.949,3.72,180,0922 01:05:18,围网
23155,29.19,121.949,1.19,20,0922 00:54:41,围网
23155,29.19,121.949,0.22,177,0922 00:45:17,围网
23155,29.19,121.949,0.32,343,0922 00:35:18,围网
23155,29.19,121.949,0.22,327,0922 00:25:16,围网
23155,29.19,121.949,0.11,131,0922 00:15:17,围网
23155,29.19,121.949,0.0,0,0922 00:05:16,围网
23155,29.19,121.949,0.0,343,0921 23:55:13,围网
23155,29.19,121.949,0.11,255,0921 23:45:14,围网
23155,29.19,121.949,0.11,113,0921 23:34:37,围网
23155,29.19,121.949,0.81,205,0921 23:24:34,围网
23155,29.19,121.949,0.11,170,0921 23:15:09,围网
23155,29.19,121.949,0.32,91,0921 23:05:09,围网
23155,29.19,121.949,0.11,168,0921 22:54:49,围网
23155,29.19,121.949,0.0,192,0921 22:45:10,围网
23155,29.19,121.949,0.22,0,0921 22:34:33,围网
23155,29.19,121.949,0.22,0,0921 22:24:31,围网
23155,29.19,121.949,0.0,160,0921 22:15:53,围网
23155,29.19,121.949,0.0,160,0921 22:14:31,围网
23155,29.19,121.949,0.0,149,0921 21:55:04,围网
23155,29.19,121.949,0.0,153,0921 21:45:04,围网
23155,29.19,121.949,0.22,301,0921 21:34:25,围网
23155,29.19,121.949,0.11,132,0921 21:25:00,围网
23155,29.19,121.949,0.0,0,0921 21:14:59,围网
23155,29.19,121.949,0.0,122,0921 21:04:21,围网
23155,29.19,121.949,0.11,157,0921 20:54:49,围网
23155,29.191,121.949,0.11,325,0921 20:44:30,围网
23155,29.191,121.949,0.11,0,0921 20:34:56,围网
23155,29.191,121.949,0.32,147,0921 20:24:49,围网
23155,29.19,121.949,0.32,0,0921 20:14:50,围网
23155,29.19,121.949,0.32,0,0921 20:04:47,围网
23155,29.19,121.949,0.0,243,0921 19:54:47,围网
23155,29.19,121.949,0.11,0,0921 19:44:53,围网
23155,29.19,121.949,0.32,340,0921 19:34:53,围网
23155,29.19,121.949,0.32,335,0921 19:24:58,围网
23155,29.189,121.949,0.11,10,0921 19:15:45,围网
23155,29.19,121.949,0.11,10,0921 19:05:26,围网
23155,29.19,121.949,0.11,10,0921 18:55:02,围网
23155,29.19,121.949,0.22,71,0921 18:44:50,围网
23155,29.19,121.949,0.22,223,0921 18:34:07,围网
23155,29.19,121.949,0.22,278,0921 18:24:46,围网
23155,29.19,121.949,0.22,0,0921 18:14:01,围网
23155,29.19,121.949,0.22,0,0921 18:04:31,围网
23155,29.19,121.949,0.0,71,0921 17:54:28,围网
23155,29.19,121.949,0.11,157,0921 17:43:54,围网
23155,29.19,121.949,0.11,40,0921 17:33:53,围网
23155,29.19,121.949,0.0,341,0921 17:24:31,围网
23155,29.19,121.949,0.11,317,0921 17:14:31,围网
23155,29.19,121.949,0.32,198,0921 17:04:31,围网
23155,29.19,121.949,0.22,0,0921 16:54:30,围网
23155,29.19,121.949,0.0,275,0921 16:44:31,围网
23155,29.19,121.949,0.22,0,0921 16:34:28,围网
23155,29.19,121.949,0.32,0,0921 16:24:27,围网
23155,29.19,121.949,0.22,0,0921 16:14:24,围网
23155,29.19,121.949,0.22,0,0921 16:04:23,围网
23155,29.19,121.949,0.11,0,0921 15:54:14,围网
23155,29.19,121.949,0.22,356,0921 15:44:25,围网
23155,29.19,121.949,0.0,0,0921 15:34:20,围网
23155,29.19,121.949,0.0,197,0921 15:23:43,围网
23155,29.19,121.949,0.22,0,0921 15:14:15,围网
23155,29.19,121.949,0.22,40,0921 15:03:36,围网
23155,29.19,121.949,0.22,209,0921 14:54:09,围网
23155,29.19,121.949,0.32,71,0921 14:44:06,围网
23155,29.19,121.949,0.0,210,0921 14:34:11,围网
23155,29.19,121.949,0.11,268,0921 14:24:22,围网
23155,29.19,121.949,0.11,233,0921 14:14:14,围网
23155,29.19,121.949,0.0,179,0921 14:04:14,围网
23155,29.19,121.949,0.0,50,0921 13:53:26,围网
23155,29.19,121.949,0.0,91,0921 13:44:11,围网
23155,29.19,121.949,0.0,316,0921 13:34:10,围网
23155,29.19,121.949,0.0,0,0921 13:24:09,围网
23155,29.19,121.949,0.11,111,0921 13:13:28,围网
23155,29.19,121.949,0.0,282,0921 13:03:55,围网
23155,29.19,121.949,0.22,91,0921 12:53:54,围网
23155,29.19,121.949,0.22,267,0921 12:43:52,围网
23155,29.19,121.949,0.11,81,0921 12:33:17,围网
23155,29.19,121.949,0.0,61,0921 12:23:51,围网
23155,29.19,121.949,0.22,0,0921 12:13:51,围网
23155,29.19,121.949,0.0,0,0921 12:03:49,围网
23155,29.19,121.949,0.0,0,0921 11:53:13,围网
23155,29.19,121.949,0.0,0,0921 11:43:35,围网
23155,29.19,121.949,0.0,20,0921 11:33:49,围网
23155,29.19,121.949,0.11,287,0921 11:23:49,围网
23155,29.19,121.949,0.11,270,0921 11:13:51,围网
23155,29.19,121.949,0.32,258,0921 11:03:49,围网
23155,29.19,121.949,0.22,295,0921 10:53:43,围网
23155,29.19,121.949,0.11,0,0921 10:43:48,围网
23155,29.19,121.949,0.32,319,0921 10:33:38,围网
23155,29.19,121.949,0.32,270,0921 10:23:38,围网
23155,29.19,121.949,0.32,290,0921 10:13:01,围网
23155,29.19,121.949,0.32,276,0921 10:03:35,围网
23155,29.19,121.949,0.11,0,0921 09:53:10,围网
23155,29.19,121.949,0.32,131,0921 09:43:33,围网
23155,29.19,121.949,0.0,0,0921 09:32:57,围网
23155,29.19,121.949,0.0,0,0921 09:23:31,围网
23155,29.19,121.949,0.22,0,0921 09:13:30,围网
23155,29.19,121.949,0.11,163,0921 09:03:30,围网
23155,29.19,121.949,0.32,274,0921 08:53:29,围网
23155,29.19,121.949,0.22,81,0921 08:43:29,围网
23155,29.19,121.949,0.22,0,0921 08:33:29,围网
23155,29.19,121.949,0.0,314,0921 08:23:27,围网
23155,29.19,121.949,0.22,167,0921 08:13:28,围网
23155,29.19,121.949,0.11,158,0921 08:02:52,围网
23155,29.19,121.949,0.11,0,0921 07:52:47,围网
23155,29.19,121.949,0.32,258,0921 07:43:24,围网
23155,29.19,121.949,0.22,200,0921 07:33:23,围网
23155,29.19,121.949,0.22,101,0921 07:22:47,围网
23155,29.19,121.949,0.22,160,0921 07:13:18,围网
23155,29.19,121.949,0.22,8,0921 07:03:17,围网
23155,29.19,121.949,0.11,166,0921 06:53:25,围网
23155,29.19,121.949,0.32,124,0921 06:33:15,围网
23155,29.19,121.949,0.32,3,0921 06:23:14,围网
23155,29.19,121.949,0.22,150,0921 06:13:14,围网
23155,29.19,121.949,0.22,117,0921 06:03:12,围网
23155,29.19,121.949,0.0,166,0921 05:53:09,围网
23155,29.19,121.949,4.37,138,0921 05:43:11,围网
23155,29.19,121.949,0.22,10,0921 05:33:10,围网
23155,29.19,121.949,3.72,198,0921 05:23:10,围网
23155,29.19,121.949,0.0,214,0921 05:13:09,围网
23155,29.19,121.949,0.22,359,0921 05:02:34,围网
23155,29.19,121.949,0.11,61,0921 04:52:32,围网
23155,29.19,121.949,0.22,0,0921 04:43:07,围网
23155,29.19,121.949,0.0,162,0921 04:33:07,围网
23155,29.19,121.949,0.11,291,0921 04:23:07,围网
23155,29.19,121.949,0.32,40,0921 04:13:06,围网
23155,29.19,121.949,0.11,152,0921 04:03:06,围网
23155,29.19,121.949,0.0,0,0921 03:53:00,围网
23155,29.19,121.949,0.11,20,0921 03:42:41,围网
23155,29.19,121.949,0.22,91,0921 03:33:00,围网
23155,29.19,121.949,0.32,343,0921 03:22:23,围网
23155,29.19,121.949,0.0,147,0921 03:12:59,围网
23155,29.19,121.949,0.11,296,0921 03:02:58,围网
23155,29.19,121.949,0.11,304,0921 02:52:57,围网
23155,29.19,121.949,0.22,0,0921 02:42:21,围网
23155,29.19,121.949,0.22,71,0921 02:32:55,围网
23155,29.19,121.949,0.22,61,0921 02:22:19,围网
23155,29.19,121.949,0.0,244,0921 02:12:55,围网
23155,29.19,121.949,0.11,0,0921 02:02:54,围网
23155,29.19,121.949,0.0,159,0921 01:52:16,围网
23155,29.19,121.949,0.0,293,0921 01:42:53,围网
23155,29.19,121.949,0.0,220,0921 01:32:50,围网
23155,29.19,121.949,0.22,116,0921 01:22:16,围网
23155,29.19,121.949,0.11,208,0921 01:12:12,围网
23155,29.19,121.949,0.59,216,0921 01:02:12,围网
23155,29.19,121.949,0.22,220,0921 00:52:47,围网
23155,29.19,121.949,0.22,253,0921 00:42:45,围网
23155,29.19,121.949,0.22,152,0921 00:32:08,围网
23155,29.19,121.949,0.22,176,0921 00:22:06,围网
23155,29.19,121.949,0.32,91,0921 00:12:44,围网
23155,29.19,121.949,0.32,0,0921 00:02:42,围网
23155,29.19,121.949,0.0,0,0920 23:52:40,围网
23155,29.19,121.949,0.32,247,0920 23:42:43,围网
23155,29.19,121.949,0.11,71,0920 23:32:41,围网
23155,29.19,121.949,0.0,161,0920 23:22:39,围网
23155,29.19,121.949,0.0,0,0920 23:12:42,围网
23155,29.19,121.949,0.0,0,0920 23:02:38,围网
23155,29.19,121.949,0.0,0,0920 22:52:04,围网
23155,29.19,121.949,0.0,0,0920 22:42:38,围网
23155,29.19,121.949,0.0,0,0920 22:32:40,围网
23155,29.19,121.949,0.0,115,0920 22:22:37,围网
23155,29.19,121.949,0.0,81,0920 22:12:38,围网
23155,29.19,121.949,0.0,142,0920 22:02:35,围网
23155,29.19,121.949,0.22,91,0920 21:52:33,围网
23155,29.19,121.948,0.11,81,0920 21:42:34,围网
23155,29.19,121.948,0.32,91,0920 21:31:57,围网
23155,29.19,121.949,0.11,104,0920 21:21:55,围网
23155,29.19,121.949,0.22,115,0920 21:12:34,围网
23155,29.19,121.949,0.11,103,0920 21:02:31,围网
23155,29.19,121.949,0.11,102,0920 20:52:28,围网
23155,29.19,121.949,1.03,301,0920 20:43:11,围网
23155,29.19,121.949,1.03,301,0920 20:41:52,围网
23155,29.19,121.949,0.0,279,0920 20:22:26,围网
23155,29.19,121.949,0.22,234,0920 20:11:48,围网
23155,29.19,121.949,0.22,40,0920 20:02:22,围网
23155,29.19,121.949,0.11,10,0920 19:52:18,围网
23155,29.19,121.949,0.0,229,0920 19:42:19,围网
23155,29.19,121.949,0.22,340,0920 19:31:43,围网
23155,29.19,121.949,1.62,190,0920 19:22:18,围网
23155,29.19,121.949,7.07,214,0920 19:12:15,围网
23155,29.19,121.949,0.22,214,0920 19:01:39,围网
23155,29.19,121.949,0.32,0,0920 18:52:13,围网
23155,29.19,121.949,0.22,50,0920 18:42:13,围网
23155,29.19,121.949,0.0,8,0920 18:31:38,围网
23155,29.19,121.949,0.11,136,0920 18:22:12,围网
23155,29.19,121.949,0.0,118,0920 18:11:38,围网
23155,29.19,121.949,0.32,103,0920 18:02:10,围网
23155,29.19,121.949,0.11,0,0920 17:52:42,围网
23155,29.19,121.949,0.11,0,0920 17:21:38,围网
23155,29.19,121.949,0.22,0,0920 17:12:12,围网
23155,29.19,121.949,0.11,0,0920 17:02:08,围网
23155,29.19,121.949,0.22,264,0920 16:52:08,围网
23155,29.19,121.949,0.11,50,0920 16:41:38,围网
23155,29.19,121.949,0.11,208,0920 16:32:07,围网
23155,29.19,121.949,0.22,0,0920 16:22:06,围网
23155,29.19,121.949,0.11,0,0920 16:12:06,围网
23155,29.19,121.949,0.22,0,0920 16:02:05,围网
23155,29.19,121.949,0.0,0,0920 15:51:56,围网
23155,29.19,121.949,0.22,0,0920 15:42:02,围网
23155,29.19,121.949,0.22,0,0920 15:32:01,围网
23155,29.19,121.949,0.11,328,0920 15:21:54,围网
23155,29.19,121.949,0.32,151,0920 15:11:54,围网
23155,29.19,121.949,0.22,263,0920 15:01:17,围网
23155,29.19,121.949,0.22,0,0920 14:51:16,围网
23155,29.19,121.949,0.11,0,0920 14:41:52,围网
23155,29.19,121.949,0.11,0,0920 14:31:21,围网
23155,29.19,121.949,0.32,0,0920 14:21:44,围网
23155,29.19,121.949,0.22,147,0920 14:11:09,围网
23155,29.19,121.949,0.11,61,0920 14:01:11,围网
23155,29.19,121.949,0.0,30,0920 13:51:43,围网
23155,29.189,121.949,0.11,10,0920 13:42:20,围网
23155,29.189,121.949,0.11,10,0920 13:32:41,围网
23155,29.19,121.949,0.11,10,0920 13:21:53,围网
23155,29.19,121.949,0.0,10,0920 13:11:50,围网
23155,29.19,121.949,0.32,306,0920 13:01:40,围网
23155,29.19,121.949,0.22,0,0920 12:51:39,围网
23155,29.19,121.949,0.11,0,0920 12:41:09,围网
23155,29.19,121.949,0.0,0,0920 12:31:42,围网
23155,29.19,121.949,0.0,153,0920 12:21:42,围网
23155,29.19,121.949,0.11,257,0920 12:11:37,围网
23155,29.19,121.949,0.0,0,0920 12:01:38,围网
23155,29.19,121.949,0.22,0,0920 11:51:27,围网
23155,29.19,121.949,0.22,0,0920 11:41:30,围网
23155,29.19,121.949,0.32,0,0920 11:31:28,围网
23155,29.19,121.949,0.22,0,0920 11:21:26,围网
23155,29.19,121.949,0.11,0,0920 11:11:28,围网
23155,29.19,121.949,0.11,0,0920 11:01:26,围网
23155,29.19,121.949,0.0,0,0920 10:50:49,围网
23155,29.19,121.949,8.58,248,0920 10:41:23,围网
23155,29.19,121.949,0.11,195,0920 10:31:21,围网
23155,29.19,121.949,0.22,0,0920 10:21:21,围网
23155,29.19,121.949,0.0,122,0920 10:11:19,围网
23155,29.19,121.949,0.32,0,0920 10:01:17,围网
23155,29.19,121.949,0.0,118,0920 09:50:40,围网
23155,29.19,121.949,0.81,164,0920 09:41:16,围网
23155,29.19,121.949,1.4,144,0920 09:31:14,围网
23155,29.19,121.949,0.32,339,0920 09:21:15,围网
23155,29.19,121.949,0.32,213,0920 09:11:14,围网
23155,29.19,121.949,0.0,268,0920 09:00:39,围网
23155,29.19,121.949,0.11,71,0920 08:51:13,围网
23155,29.19,121.949,0.22,189,0920 08:40:37,围网
23155,29.19,121.949,0.11,154,0920 08:31:10,围网
23155,29.19,121.949,0.32,333,0920 08:20:50,围网
23155,29.19,121.948,0.32,208,0920 08:11:13,围网
23155,29.19,121.949,0.11,0,0920 08:01:10,围网
23155,29.19,121.949,0.0,0,0920 07:51:10,围网
23155,29.19,121.949,0.0,329,0920 07:41:12,围网
23155,29.189,121.949,0.0,312,0920 07:31:11,围网
23155,29.19,121.949,0.32,147,0920 07:21:06,围网
23155,29.19,121.949,0.11,314,0920 07:11:06,围网
23155,29.189,121.949,0.81,136,0920 07:01:06,围网
23155,29.19,121.949,6.8,91,0920 06:51:04,围网
23155,29.189,121.949,0.22,298,0920 06:41:03,围网
23155,29.19,121.949,0.32,215,0920 06:31:01,围网
23155,29.19,121.949,0.32,215,0920 06:30:27,围网
23155,29.19,121.949,0.22,0,0920 06:21:01,围网
23155,29.19,121.949,0.32,327,0920 06:10:59,围网
23155,29.19,121.949,0.0,0,0920 06:00:59,围网
23155,29.189,121.949,0.0,282,0920 05:50:54,围网
23155,29.189,121.949,0.11,211,0920 05:40:22,围网
23155,29.189,121.949,0.11,0,0920 05:30:54,围网
23155,29.189,121.949,0.22,0,0920 05:20:19,围网
23155,29.189,121.949,0.11,169,0920 05:10:20,围网
23155,29.19,121.949,0.22,71,0920 05:00:52,围网
23155,29.19,121.949,0.22,294,0920 04:50:17,围网
23155,29.19,121.949,0.22,120,0920 04:40:15,围网
23155,29.19,121.949,0.11,0,0920 04:30:50,围网
23155,29.19,121.949,0.22,292,0920 04:20:48,围网
23155,29.19,121.949,0.32,170,0920 04:10:46,围网
23155,29.19,121.949,0.11,0,0920 04:00:10,围网
23155,29.19,121.949,0.0,351,0920 03:50:42,围网
23155,29.19,121.949,0.32,169,0920 03:40:11,围网
23155,29.189,121.949,0.22,208,0920 03:30:09,围网
23155,29.19,121.949,0.22,229,0920 03:20:41,围网
23155,29.189,121.949,0.32,270,0920 03:10:40,围网
23155,29.19,121.949,0.32,180,0920 03:00:05,围网
23155,29.19,121.949,0.11,0,0920 02:50:37,围网
23155,29.19,121.949,0.11,0,0920 02:40:37,围网
23155,29.19,121.949,0.11,20,0920 02:30:35,围网
23155,29.19,121.949,0.0,0,0920 02:20:33,围网
23155,29.19,121.949,0.0,123,0920 02:10:34,围网
23155,29.19,121.949,0.0,0,0920 02:00:33,围网
23155,29.19,121.949,0.0,344,0920 01:50:30,围网
23155,29.19,121.949,0.49,10,0920 01:40:31,围网
23155,29.19,121.949,0.32,208,0920 01:29:56,围网
23155,29.189,121.949,0.22,233,0920 01:19:55,围网
23155,29.187,121.945,7.07,81,0920 01:09:55,围网
23155,29.187,121.92,7.18,109,0920 01:00:39,围网
23155,29.191,121.917,0.11,81,0920 00:49:56,围网
23155,29.191,121.917,0.32,212,0920 00:39:52,围网
23155,29.191,121.918,0.11,61,0920 00:30:25,围网
23155,29.191,121.917,0.32,214,0920 00:20:25,围网
23155,29.191,121.917,0.22,0,0920 00:10:25,围网
